1000
999
0 958 0.01083
0 558 0.01791
558 576 0.02177
576 119 0.00652
119 785 0.01607
785 8 0.0126
8 284 0.00905
785 358 0.01403
284 820 0.01548
284 337 0.01667
958 420 0.02428
820 931 0.02799
931 274 0.00689
274 217 0.02528
217 387 0.01088
387 710 0.00858
274 912 0.02795
912 431 0.03061
710 617 0.03218
617 42 0.02495
431 806 0.03317
806 997 0.01676
997 486 0.008
486 922 0.02833
922 580 0.0221
580 981 0.01734
580 401 0.01998
401 624 0.02186
624 907 0.01901
907 753 0.00895
624 619 0.02226
619 213 0.02123
213 84 0.01509
84 239 0.01019
239 767 0.00454
239 23 0.00579
23 105 0.0188
105 69 0.01952
69 934 0.01728
934 860 0.00536
934 678 0.00755
860 499 0.01587
499 153 0.0041
153 261 0.01733
261 801 0.00893
801 174 0.00584
261 409 0.0175
174 279 0.02086
279 236 0.0107
236 342 0.00742
236 19 0.01536
19 313 0.01896
19 424 0.02284
424 890 0.01844
890 322 0.02156
322 493 0.00736
69 932 0.02484
932 752 0.01379
105 718 0.02538
313 736 0.02632
736 757 0.00898
757 534 0.0117
534 411 0.00743
534 226 0.0089
736 211 0.01495
211 634 0.01082
226 567 0.0242
211 766 0.02669
766 701 0.02162
701 249 0.01513
249 29 0.02196
29 182 0.01675
182 404 0.0177
404 264 0.01948
249 888 0.02405
888 543 0.00875
543 144 0.0096
144 959 0.00623
144 833 0.01155
888 31 0.02271
31 706 0.01357
706 497 0.01343
497 432 0.0168
767 121 0.02876
567 201 0.03249
201 484 0.01854
484 614 0.00317
614 995 0.02233
995 899 0.02462
899 102 0.00347
102 641 0.00592
899 197 0.01496
641 966 0.0167
966 241 0.00565
966 909 0.02532
909 478 0.01835
909 294 0.02359
294 628 0.0191
628 869 0.03298
478 968 0.03305
197 775 0.03327
775 984 0.01631
984 702 0.01014
702 124 0.00835
984 839 0.01299
839 789 0.01003
789 414 0.01457
984 606 0.01612
606 465 0.01791
465 986 0.00669
986 836 0.0237
836 157 0.01241
836 46 0.02993
414 973 0.03162
912 817 0.03353
817 172 0.01871
172 188 0.02546
188 277 0.01601
188 171 0.02314
171 445 0.02162
445 935 0.01994
935 943 0.01266
935 611 0.01385
611 65 0.01425
65 472 0.01524
65 397 0.02014
397 811 0.01962
811 542 0.01322
811 115 0.01635
277 632 0.02336
472 716 0.02485
716 649 0.01729
943 945 0.02586
115 771 0.02861
771 299 0.00795
299 127 0.01784
127 629 0.01688
629 341 0.01881
127 498 0.02144
341 760 0.03003
760 749 0.0157
749 740 0.02577
46 525 0.03412
968 165 0.03521
165 394 0.01637
394 302 0.00674
165 444 0.01702
444 518 0.02088
302 963 0.02431
165 195 0.02556
518 114 0.02752
114 608 0.01214
608 654 0.02109
654 585 0.01576
963 756 0.02984
756 354 0.01104
195 388 0.03115
388 178 0.02609
178 459 0.0242
459 148 0.00459
459 51 0.00524
148 921 0.01908
921 989 0.02107
989 304 0.03035
304 194 0.00535
304 851 0.02097
851 467 0.01482
851 590 0.0182
467 910 0.02055
910 976 0.01405
976 831 0.02274
831 812 0.0197
812 202 0.02047
202 18 0.00817
18 539 0.01009
831 681 0.02144
590 303 0.02448
303 288 0.00816
354 447 0.0317
447 89 0.02883
89 491 0.01243
491 291 0.01067
291 704 0.01655
704 904 0.01174
904 402 0.01234
402 423 0.01009
704 819 0.02229
819 723 0.01077
723 990 0.01353
990 671 0.01763
990 946 0.01906
946 278 0.01761
671 923 0.02098
671 385 0.02191
278 507 0.02193
507 418 0.0168
418 846 0.01801
846 574 0.00999
846 690 0.02629
690 77 0.02185
77 816 0.02268
816 306 0.005
306 252 0.01065
252 700 0.01862
77 6 0.02295
700 191 0.02768
191 482 0.01562
482 927 0.00318
191 918 0.02053
918 363 0.02249
363 994 0.02183
994 952 0.02873
923 504 0.03107
504 881 0.00998
881 627 0.00958
627 969 0.01428
504 495 0.01491
495 310 0.03015
310 214 0.01461
214 970 0.02917
904 987 0.03137
987 948 0.01489
948 546 0.02385
546 490 0.02213
927 676 0.03191
676 734 0.02359
734 292 0.02004
292 248 0.01827
248 47 0.0131
47 207 0.01773
207 791 0.01797
791 596 0.00908
734 255 0.02087
596 698 0.02462
47 32 0.02629
32 25 0.00981
207 528 0.03133
528 666 0.02476
970 788 0.03216
788 158 0.02125
158 573 0.02477
573 488 0.01627
488 219 0.01993
219 487 0.02739
487 610 0.01253
610 577 0.02641
577 346 0.01768
346 751 0.01059
788 803 0.02928
803 131 0.01847
131 344 0.02508
751 167 0.03228
167 870 0.0124
344 677 0.03236
677 368 0.02422
368 446 0.01602
446 954 0.00851
954 112 0.01076
112 419 0.02488
419 850 0.00465
850 457 0.00793
457 776 0.00969
776 511 0.02047
511 253 0.0157
253 919 0.01465
253 324 0.01658
324 203 0.01341
203 808 0.01736
808 455 0.00452
455 169 0.0198
808 672 0.02177
324 312 0.02263
312 52 0.02347
672 643 0.02405
643 949 0.01575
949 143 0.00884
143 154 0.01943
154 906 0.00423
906 75 0.01607
75 929 0.01865
949 784 0.02072
52 321 0.02587
457 190 0.02589
190 852 0.01579
190 901 0.01881
901 824 0.01483
852 407 0.02492
407 361 0.02136
361 360 0.01273
360 365 0.01278
360 163 0.01597
455 982 0.02851
312 314 0.02981
163 502 0.03181
502 425 0.0247
490 805 0.03285
698 251 0.03325
251 755 0.02685
755 180 0.02052
180 54 0.01628
54 293 0.01749
293 483 0.00874
483 855 0.00758
855 591 0.0045
591 494 0.01731
54 926 0.01833
855 196 0.01957
926 376 0.02209
502 26 0.03347
26 688 0.00285
688 390 0.01799
390 957 0.0008
688 637 0.02869
637 79 0.02552
79 406 0.01827
79 133 0.02782
637 250 0.02799
250 433 0.03044
528 867 0.03363
167 787 0.03456
787 659 0.02895
659 721 0.01631
721 526 0.0212
526 696 0.02953
696 841 0.01585
841 829 0.02245
787 620 0.03132
620 106 0.02459
106 101 0.01986
101 469 0.01664
469 615 0.00719
615 58 0.03033
58 679 0.01397
679 651 0.0196
58 129 0.02704
829 996 0.03179
996 621 0.0225
621 269 0.01884
269 555 0.01534
269 837 0.01811
837 575 0.02679
841 222 0.03188
222 930 0.01369
101 71 0.03328
71 366 0.00555
366 280 0.01165
366 842 0.01702
842 369 0.01028
369 665 0.00476
665 832 0.01527
280 265 0.01782
265 60 0.01112
265 501 0.01546
501 308 0.02059
60 336 0.02511
336 697 0.01941
697 125 0.01677
125 92 0.00803
92 975 0.01584
125 793 0.01735
793 746 0.01093
975 763 0.02232
975 866 0.02406
866 978 0.00436
978 113 0.01527
113 686 0.01529
978 189 0.0163
113 844 0.01916
686 492 0.02378
492 924 0.02522
930 742 0.0333
742 372 0.02849
372 889 0.03462
889 220 0.02215
220 233 0.01542
220 663 0.02533
501 347 0.03468
494 840 0.0351
840 883 0.02672
883 578 0.00993
883 911 0.02857
911 960 0.02365
960 307 0.00627
307 925 0.01556
925 227 0.01588
227 187 0.02454
227 884 0.02748
884 648 0.00957
749 898 0.03522
898 724 0.02573
724 636 0.0146
724 887 0.02003
887 786 0.01898
786 520 0.01388
786 382 0.01762
520 515 0.01906
520 892 0.02505
892 415 0.02207
415 977 0.02355
977 858 0.02819
382 603 0.02849
603 49 0.00856
49 964 0.00337
603 258 0.02889
258 333 0.00983
333 238 0.00077
238 452 0.02145
452 271 0.02797
49 537 0.02937
537 228 0.0272
228 875 0.00951
228 583 0.01383
583 572 0.01931
583 453 0.02916
453 59 0.0135
59 5 0.00784
5 956 0.00858
59 381 0.01556
956 260 0.01788
381 427 0.01864
5 340 0.01895
260 517 0.02984
517 348 0.00705
348 561 0.00815
561 856 0.01701
856 16 0.01482
892 600 0.03098
515 88 0.03252
88 777 0.00938
977 476 0.033
476 708 0.02304
708 992 0.02
992 235 0.03014
235 744 0.01729
744 551 0.02024
551 176 0.01974
551 70 0.0225
70 263 0.02307
263 712 0.00518
263 916 0.0141
916 684 0.00238
712 152 0.02321
152 97 0.00666
684 865 0.0322
865 527 0.02224
527 170 0.00774
476 795 0.03253
795 403 0.02925
403 138 0.01408
138 950 0.01787
950 438 0.02126
438 39 0.00751
636 917 0.03332
271 953 0.03384
953 2 0.00842
2 475 0.00978
475 243 0.01014
2 602 0.02599
602 287 0.00738
287 762 0.02088
762 825 0.02323
825 3 0.0186
825 707 0.01974
707 353 0.00721
353 128 0.01876
128 232 0.01326
232 126 0.01546
128 728 0.02314
728 210 0.02382
3 905 0.02536
126 87 0.02621
87 99 0.0211
99 175 0.02563
602 268 0.02659
268 761 0.024
87 668 0.02919
905 809 0.02941
809 412 0.01889
412 399 0.01713
399 864 0.01003
761 460 0.03064
762 939 0.03165
939 727 0.0162
727 471 0.02081
939 778 0.02329
778 799 0.01555
778 81 0.02962
81 323 0.01702
471 216 0.02998
216 93 0.02528
93 566 0.02496
412 230 0.03179
905 562 0.03386
562 145 0.00516
145 830 0.01235
145 257 0.01731
257 874 0.0039
874 405 0.02712
257 454 0.03193
454 552 0.01046
552 272 0.00489
454 581 0.01366
272 797 0.02648
797 650 0.02281
87 821 0.03399
821 894 0.01194
894 886 0.02442
340 301 0.03453
301 500 0.02051
301 999 0.02242
999 22 0.01676
999 285 0.01979
438 108 0.03453
108 735 0.03173
735 464 0.03078
464 443 0.01671
443 168 0.00673
464 503 0.01702
503 267 0.02756
267 661 0.00605
427 130 0.03541
130 595 0.01625
251 371 0.03567
649 660 0.03569
660 955 0.03227
955 177 0.03364
555 206 0.03592
206 683 0.03318
683 373 0.01793
373 57 0.00746
57 902 0.01478
902 384 0.01397
384 745 0.01317
384 370 0.01329
745 626 0.01588
745 613 0.02837
370 122 0.03107
122 132 0.0306
683 393 0.03231
393 451 0.0196
451 364 0.02294
364 524 0.02052
524 988 0.01103
988 95 0.01779
95 588 0.01276
588 380 0.00591
380 768 0.00167
768 316 0.00893
316 642 0.01998
642 20 0.006
20 118 0.01873
118 802 0.02339
588 781 0.02374
781 691 0.00798
691 983 0.02004
983 705 0.01262
705 682 0.02318
682 184 0.01764
184 896 0.01121
896 694 0.01459
694 599 0.0162
682 181 0.0219
988 914 0.0241
914 545 0.01549
914 489 0.01898
489 15 0.01998
15 565 0.01496
565 48 0.00401
15 928 0.01865
48 357 0.02157
357 440 0.01939
802 549 0.0257
599 377 0.0281
377 192 0.01021
377 612 0.02302
612 719 0.0118
719 40 0.01503
612 598 0.01714
598 579 0.00969
579 146 0.02636
146 63 0.01419
316 908 0.03204
908 41 0.02721
41 137 0.00173
908 147 0.02735
451 563 0.03233
563 664 0.01212
664 33 0.01528
33 462 0.02049
462 352 0.01363
352 64 0.02903
122 815 0.03395
815 205 0.02418
205 765 0.01125
765 980 0.01596
765 215 0.02192
815 560 0.02559
215 759 0.03284
759 780 0.02415
780 430 0.00512
865 536 0.03592
894 523 0.03622
523 965 0.03079
965 422 0.03182
422 936 0.01839
523 556 0.03519
965 570 0.03578
570 141 0.00739
141 156 0.02773
156 221 0.01711
221 508 0.01636
508 885 0.01198
885 730 0.01236
730 392 0.01225
885 43 0.01557
43 86 0.0141
156 937 0.02763
937 646 0.02537
646 429 0.02321
429 564 0.03239
924 34 0.03629
34 305 0.01028
305 379 0.02868
379 198 0.02785
198 421 0.01674
198 173 0.02745
421 709 0.03071
709 633 0.02361
633 296 0.02342
296 218 0.02632
218 541 0.02641
541 967 0.02639
967 733 0.0141
733 862 0.01518
967 689 0.0197
862 687 0.02313
541 450 0.02733
450 711 0.0247
711 835 0.00757
173 827 0.03236
827 374 0.01771
374 854 0.0158
854 800 0.01693
689 571 0.03508
571 234 0.01679
681 540 0.03631
540 396 0.01599
396 479 0.00885
479 998 0.02505
998 933 0.02065
933 674 0.02031
674 947 0.00895
933 944 0.02367
674 897 0.02401
897 162 0.01
162 73 0.01657
897 531 0.02456
531 913 0.01606
913 882 0.01806
913 94 0.02615
94 509 0.01437
944 974 0.02764
974 10 0.01225
10 656 0.01064
656 12 0.01533
12 297 0.0082
73 895 0.02766
895 877 0.01697
895 594 0.02342
594 85 0.02433
85 339 0.02462
540 729 0.0331
729 295 0.01955
94 123 0.03587
123 680 0.02542
680 317 0.03403
957 259 0.03631
259 83 0.02736
83 166 0.02625
166 470 0.019
470 522 0.01405
522 282 0.01924
282 738 0.01037
738 413 0.01462
413 655 0.0181
655 741 0.0227
741 940 0.00727
940 104 0.01411
104 276 0.01664
276 136 0.01328
136 244 0.01899
244 378 0.01456
378 266 0.00467
266 391 0.00856
266 437 0.01495
741 868 0.02569
166 826 0.02733
826 68 0.00829
68 350 0.00706
350 183 0.02364
826 485 0.02919
485 747 0.024
282 416 0.03056
747 45 0.03165
45 813 0.0165
813 398 0.01726
416 343 0.03471
343 876 0.02299
876 692 0.01581
692 843 0.01188
221 281 0.03636
281 639 0.01577
639 794 0.0197
794 116 0.01729
794 530 0.02456
530 80 0.00999
281 559 0.03057
559 417 0.03556
417 311 0.00321
311 186 0.00136
186 743 0.02576
417 622 0.02787
622 200 0.00525
200 334 0.02968
334 21 0.007
21 644 0.02602
644 139 0.01708
139 893 0.01252
893 792 0.02626
792 699 0.01228
21 616 0.03327
616 109 0.02626
109 754 0.02671
616 774 0.03116
302 535 0.0365
535 473 0.03008
473 356 0.03644
356 569 0.01362
569 434 0.01487
356 193 0.01798
193 941 0.01747
941 822 0.01505
822 76 0.02478
76 199 0.00774
199 330 0.02734
330 150 0.01087
150 4 0.02492
4 879 0.02345
879 653 0.01654
330 318 0.0257
318 720 0.02951
822 359 0.03309
359 814 0.01267
653 140 0.03397
699 685 0.0366
685 458 0.01826
458 240 0.01044
240 298 0.01226
298 848 0.01266
240 110 0.0252
110 496 0.00473
110 582 0.01561
582 159 0.00698
159 375 0.01996
848 750 0.02578
375 737 0.02638
737 134 0.03221
496 325 0.03662
325 951 0.00294
951 638 0.02188
638 11 0.01942
638 782 0.03244
575 601 0.03667
601 961 0.01253
961 96 0.01888
96 283 0.00978
601 435 0.01919
435 275 0.00349
275 991 0.02303
991 667 0.02247
667 231 0.0139
231 938 0.00514
991 715 0.02364
938 62 0.02648
62 17 0.02185
17 630 0.01398
630 426 0.00661
17 273 0.01546
426 550 0.02299
961 254 0.02947
18 242 0.03682
720 658 0.03711
747 7 0.03769
7 185 0.0106
185 798 0.02001
798 871 0.00824
7 389 0.02442
389 463 0.01184
463 703 0.0152
703 859 0.02139
859 208 0.0131
208 587 0.02814
587 818 0.02333
818 510 0.02963
510 245 0.00695
510 548 0.02647
548 726 0.00694
245 962 0.02734
962 410 0.00154
410 513 0.00748
410 223 0.01621
223 557 0.00595
557 35 0.01403
245 769 0.02797
703 9 0.03016
9 891 0.0205
891 675 0.01433
675 514 0.01448
769 179 0.03049
179 529 0.02555
529 400 0.006
400 345 0.00976
345 67 0.02019
529 880 0.03002
880 592 0.02555
592 149 0.02581
149 1 0.01007
149 731 0.03094
587 442 0.0338
442 61 0.00719
577 449 0.03791
273 857 0.03803
134 300 0.03843
300 739 0.02066
739 979 0.02179
979 942 0.01027
942 14 0.02773
14 722 0.0262
739 993 0.03733
993 779 0.00532
337 335 0.03843
433 338 0.03844
338 609 0.00563
656 790 0.03902
790 861 0.03531
861 262 0.02982
861 477 0.03353
477 845 0.02859
845 915 0.0193
915 329 0.01828
915 773 0.03557
773 315 0.02198
549 474 0.03906
170 117 0.0393
117 78 0.03033
661 584 0.03945
584 27 0.0221
27 512 0.01323
512 100 0.00329
100 256 0.02651
256 516 0.02032
516 783 0.01357
783 807 0.01378
807 538 0.0199
538 972 0.00629
972 764 0.00489
764 44 0.01878
516 748 0.02439
748 645 0.01279
645 91 0.01957
748 635 0.02512
91 428 0.03028
428 758 0.03439
758 224 0.0132
224 717 0.01216
758 98 0.01509
44 38 0.03717
38 554 0.03256
554 849 0.01269
849 332 0.00687
849 351 0.01387
351 225 0.02583
560 72 0.03957
72 247 0.03583
247 568 0.02295
568 647 0.01635
647 521 0.00689
852 810 0.0398
955 828 0.03996
828 532 0.02721
532 161 0.01962
161 468 0.00849
161 204 0.03248
204 553 0.01696
680 605 0.04004
605 853 0.01418
853 618 0.00644
605 395 0.02458
853 448 0.02516
448 66 0.01495
66 142 0.02254
142 246 0.00804
246 920 0.01197
920 544 0.00454
544 309 0.01921
544 289 0.02026
289 657 0.00821
657 878 0.02142
450 328 0.04064
109 673 0.04088
970 872 0.04155
509 151 0.04171
151 155 0.02589
155 164 0.03826
164 90 0.00875
90 74 0.01226
74 586 0.02605
586 212 0.02364
212 480 0.02142
90 326 0.02726
326 662 0.0203
662 439 0.01298
439 695 0.00524
662 355 0.02451
90 270 0.03088
355 13 0.03285
695 631 0.03523
631 834 0.03167
834 436 0.00701
631 796 0.03511
796 367 0.03915
367 519 0.02934
519 625 0.02094
625 331 0.0308
331 669 0.03077
669 135 0.03547
135 209 0.01849
305 36 0.04208
36 772 0.039
772 290 0.01676
772 466 0.03315
772 604 0.03606
194 670 0.04226
872 481 0.04333
481 56 0.03866
56 53 0.02878
53 386 0.01189
53 362 0.01536
386 714 0.0238
56 804 0.04127
673 640 0.04343
640 30 0.00637
30 589 0.02029
589 505 0.02109
505 37 0.01398
37 107 0.02497
107 349 0.02103
349 50 0.0298
505 847 0.03712
847 286 0.02946
286 593 0.00875
343 607 0.04514
607 823 0.00245
607 900 0.02134
843 863 0.04521
78 111 0.04636
331 103 0.04814
86 383 0.05014
383 770 0.04394
770 461 0.03793
461 732 0.03098
371 506 0.05132
506 971 0.01259
971 547 0.01203
971 408 0.01608
408 985 0.02445
547 533 0.02704
506 713 0.03518
533 456 0.03793
456 623 0.02086
456 693 0.0251
693 24 0.01723
623 327 0.03754
713 725 0.04145
725 28 0.03442
880 55 0.05163
55 838 0.0096
838 120 0.04225
120 160 0.00697
120 441 0.00931
160 903 0.01314
129 319 0.05203
319 873 0.01134
557 82 0.05244
681 229 0.05371
229 597 0.0185
597 652 0.05752
652 237 0.02101
437 320 0.06968
