1000
999
238 333 0.00077
390 957 0.0008
186 311 0.00136
410 962 0.00154
380 768 0.00167
41 137 0.00173
684 916 0.00238
607 823 0.00245
26 688 0.00285
325 951 0.00294
484 614 0.00317
482 927 0.00318
311 417 0.00321
100 512 0.00329
49 964 0.00337
102 899 0.00347
275 435 0.00349
257 874 0.0039
48 565 0.00401
153 499 0.0041
154 906 0.00423
866 978 0.00436
591 855 0.0045
455 808 0.00452
239 767 0.00454
544 920 0.00454
148 459 0.00459
419 850 0.00465
266 378 0.00467
110 496 0.00473
369 665 0.00476
272 552 0.00489
764 972 0.00489
306 816 0.005
430 780 0.00512
231 938 0.00514
145 562 0.00516
263 712 0.00518
51 459 0.00524
439 695 0.00524
200 622 0.00525
779 993 0.00532
194 304 0.00535
860 934 0.00536
71 366 0.00555
338 609 0.00563
241 966 0.00565
23 239 0.00579
174 801 0.00584
380 588 0.00591
102 641 0.00592
223 557 0.00595
20 642 0.006
400 529 0.006
267 661 0.00605
144 959 0.00623
307 960 0.00627
538 972 0.00629
30 640 0.00637
618 853 0.00644
119 576 0.00652
426 630 0.00661
97 152 0.00666
465 986 0.00669
168 443 0.00673
302 394 0.00674
332 849 0.00687
274 931 0.00689
521 647 0.00689
548 726 0.00694
245 510 0.00695
120 160 0.00697
159 582 0.00698
21 334 0.007
436 834 0.00701
348 517 0.00705
68 350 0.00706
61 442 0.00719
469 615 0.00719
353 707 0.00721
741 940 0.00727
322 493 0.00736
287 602 0.00738
141 570 0.00739
236 342 0.00742
411 534 0.00743
57 373 0.00746
410 513 0.00748
39 438 0.00751
678 934 0.00755
711 835 0.00757
483 855 0.00758
76 199 0.00774
170 527 0.00774
5 59 0.00784
457 850 0.00793
299 771 0.00795
691 781 0.00798
486 997 0.008
92 125 0.00803
142 246 0.00804
348 561 0.00815
288 303 0.00816
18 202 0.00817
12 297 0.0082
289 657 0.00821
798 871 0.00824
68 826 0.00829
124 702 0.00835
2 953 0.00842
161 468 0.00849
446 954 0.00851
49 603 0.00856
266 391 0.00856
5 956 0.00858
387 710 0.00858
293 483 0.00874
90 164 0.00875
286 593 0.00875
543 888 0.00875
143 949 0.00884
396 479 0.00885
226 534 0.0089
261 801 0.00893
316 768 0.00893
674 947 0.00895
753 907 0.00895
736 757 0.00898
8 284 0.00905
596 791 0.00908
120 441 0.00931
88 777 0.00938
228 875 0.00951
648 884 0.00957
627 881 0.00958
55 838 0.0096
144 543 0.0096
457 776 0.00969
579 598 0.00969
345 400 0.00976
2 475 0.00978
96 283 0.00978
25 32 0.00981
258 333 0.00983
578 883 0.00993
504 881 0.00998
80 530 0.00999
574 846 0.00999
162 897 0.01
399 864 0.01003
789 839 0.01003
1 149 0.01007
18 539 0.01009
402 423 0.01009
243 475 0.01014
702 984 0.01014
84 239 0.01019
192 377 0.01021
942 979 0.01027
34 305 0.01028
369 842 0.01028
282 738 0.01037
240 458 0.01044
454 552 0.01046
346 751 0.01059
7 185 0.0106
10 656 0.01064
252 306 0.01065
291 491 0.01067
236 279 0.0107
112 954 0.01076
723 819 0.01077
211 634 0.01082
0 958 0.01083
150 330 0.01087
217 387 0.01088
746 793 0.01093
524 988 0.01103
354 756 0.01104
60 265 0.01112
184 896 0.01121
205 765 0.01125
319 873 0.01134
144 833 0.01155
280 366 0.01165
534 757 0.0117
704 904 0.01174
612 719 0.0118
389 463 0.01184
692 843 0.01188
53 386 0.01189
821 894 0.01194
246 920 0.01197
508 885 0.01198
547 971 0.01203
563 664 0.01212
114 608 0.01214
224 717 0.01216
10 974 0.01225
392 730 0.01225
74 90 0.01226
240 298 0.01226
699 792 0.01228
402 904 0.01234
145 830 0.01235
730 885 0.01236
167 870 0.0124
157 836 0.01241
89 491 0.01243
139 893 0.01252
487 610 0.01253
601 961 0.01253
506 971 0.01259
8 785 0.0126
705 983 0.01262
298 848 0.01266
935 943 0.01266
359 814 0.01267
554 849 0.01269
360 361 0.01273
95 588 0.01276
360 365 0.01278
645 748 0.01279
439 662 0.01298
839 984 0.01299
47 248 0.0131
208 859 0.0131
160 903 0.01314
384 745 0.01317
224 758 0.0132
542 811 0.01322
27 512 0.01323
128 232 0.01326
136 276 0.01328
370 384 0.01329
203 324 0.01341
497 706 0.01343
59 453 0.0135
723 990 0.01353
31 706 0.01357
516 783 0.01357
356 569 0.01362
352 462 0.01363
454 581 0.01366
222 930 0.01369
783 807 0.01378
752 932 0.01379
228 583 0.01383
611 935 0.01385
351 849 0.01387
520 786 0.01388
231 667 0.0139
58 679 0.01397
384 902 0.01397
17 630 0.01398
37 505 0.01398
35 557 0.01403
358 785 0.01403
470 522 0.01405
910 976 0.01405
138 403 0.01408
43 86 0.0141
263 916 0.0141
733 967 0.0141
104 940 0.01411
605 853 0.01418
63 146 0.01419
65 611 0.01425
627 969 0.01428
675 891 0.01433
94 509 0.01437
514 675 0.01448
244 378 0.01456
414 789 0.01457
694 896 0.01459
636 724 0.0146
214 310 0.01461
413 738 0.01462
253 919 0.01465
57 902 0.01478
16 856 0.01482
467 851 0.01482
824 901 0.01483
434 569 0.01487
948 987 0.01489
495 504 0.01491
66 448 0.01495
211 736 0.01495
266 437 0.01495
15 565 0.01496
197 899 0.01496
40 719 0.01503
822 941 0.01505
84 213 0.01509
98 758 0.01509
249 701 0.01513
733 862 0.01518
463 703 0.0152
65 472 0.01524
113 978 0.01527
665 832 0.01527
33 664 0.01528
113 686 0.01529
12 656 0.01533
269 555 0.01534
19 236 0.01536
53 362 0.01536
220 233 0.01542
17 273 0.01546
126 232 0.01546
265 501 0.01546
284 820 0.01548
545 914 0.01549
778 799 0.01555
59 381 0.01556
307 925 0.01556
43 885 0.01557
110 582 0.01561
191 482 0.01562
253 511 0.0157
749 760 0.0157
643 949 0.01575
585 654 0.01576
281 639 0.01577
190 852 0.01579
374 854 0.0158
692 876 0.01581
92 975 0.01584
696 841 0.01585
499 860 0.01587
227 925 0.01588
626 745 0.01588
765 980 0.01596
163 360 0.01597
396 540 0.01599
188 277 0.01601
368 446 0.01602
531 913 0.01606
75 906 0.01607
119 785 0.01607
408 971 0.01608
606 984 0.01612
599 694 0.0162
727 939 0.0162
223 410 0.01621
130 595 0.01625
488 573 0.01627
54 180 0.01628
189 978 0.0163
659 721 0.01631
775 984 0.01631
115 811 0.01635
568 647 0.01635
221 508 0.01636
165 394 0.01637
45 813 0.0165
653 879 0.01654
291 704 0.01655
73 162 0.01657
253 324 0.01658
101 469 0.01664
104 276 0.01664
284 337 0.01667
641 966 0.0167
443 464 0.01671
198 421 0.01674
29 182 0.01675
22 999 0.01676
290 772 0.01676
806 997 0.01676
125 697 0.01677
234 571 0.01679
418 507 0.0168
432 497 0.0168
127 629 0.01688
800 854 0.01693
204 553 0.01696
877 895 0.01697
561 856 0.01701
81 323 0.01702
165 444 0.01702
366 842 0.01702
464 503 0.01702
139 644 0.01708
156 221 0.01711
399 412 0.01713
598 612 0.01714
24 693 0.01723
398 813 0.01726
69 934 0.01728
116 794 0.01729
235 744 0.01729
649 716 0.01729
145 257 0.01731
494 591 0.01731
153 261 0.01733
580 981 0.01734
125 793 0.01735
203 808 0.01736
193 941 0.01747
54 293 0.01749
261 409 0.0175
278 946 0.01761
382 786 0.01762
671 990 0.01763
184 682 0.01764
346 577 0.01768
182 404 0.0177
374 827 0.01771
47 207 0.01773
95 988 0.01779
265 280 0.01782
127 299 0.01784
138 950 0.01787
260 956 0.01788
0 558 0.01791
465 606 0.01791
373 683 0.01793
207 791 0.01797
193 356 0.01798
390 688 0.01799
418 846 0.01801
882 913 0.01806
413 655 0.0181
269 837 0.01811
590 851 0.0182
458 685 0.01826
79 406 0.01827
248 292 0.01827
329 915 0.01828
54 926 0.01833
478 909 0.01835
422 936 0.01839
424 890 0.01844
131 803 0.01847
135 209 0.01849
229 597 0.0185
201 484 0.01854
3 825 0.0186
252 700 0.01862
381 427 0.01864
15 928 0.01865
75 929 0.01865
172 817 0.01871
20 118 0.01873
128 353 0.01876
44 764 0.01878
23 105 0.0188
190 901 0.01881
341 629 0.01881
269 621 0.01884
96 961 0.01888
412 809 0.01889
5 340 0.01895
19 313 0.01896
489 914 0.01898
786 887 0.01898
136 244 0.01899
166 470 0.019
624 907 0.01901
515 520 0.01906
946 990 0.01906
148 921 0.01908
294 628 0.0191
113 844 0.01916
435 601 0.01919
309 544 0.01921
282 522 0.01924
845 915 0.0193
572 583 0.01931
357 440 0.01939
336 697 0.01941
11 638 0.01942
143 154 0.01943
264 404 0.01948
69 105 0.01952
295 729 0.01955
91 645 0.01957
196 855 0.01957
393 451 0.0196
651 679 0.0196
161 532 0.01962
397 811 0.01962
639 794 0.0197
689 967 0.0197
812 831 0.0197
176 551 0.01974
707 825 0.01974
285 999 0.01979
169 455 0.0198
101 106 0.01986
538 807 0.0199
219 488 0.01993
445 935 0.01994
159 375 0.01996
15 489 0.01998
316 642 0.01998
401 580 0.01998
708 992 0.02
185 798 0.02001
724 887 0.02003
292 734 0.02004
691 983 0.02004
65 397 0.02014
67 345 0.02019
551 744 0.02024
289 544 0.02026
30 589 0.02029
326 662 0.0203
674 933 0.02031
256 516 0.02032
202 812 0.02047
511 776 0.02047
33 462 0.02049
9 891 0.0205
301 500 0.02051
180 755 0.02052
364 524 0.02052
191 918 0.02053
467 910 0.02055
308 501 0.02059
933 998 0.02065
300 739 0.02066
784 949 0.02072
471 727 0.02081
174 279 0.02086
456 623 0.02086
255 734 0.02087
287 762 0.02088
444 518 0.02088
519 625 0.02094
304 851 0.02097
671 923 0.02098
237 652 0.02101
107 349 0.02103
921 989 0.02107
505 589 0.02109
608 654 0.02109
87 99 0.0211
526 721 0.0212
213 619 0.02123
158 788 0.02125
438 950 0.02126
607 900 0.02134
361 407 0.02136
703 859 0.02139
212 480 0.02142
657 878 0.02142
127 498 0.02144
681 831 0.02144
238 452 0.02145
322 890 0.02156
48 357 0.02157
171 445 0.02162
701 766 0.02162
558 576 0.02177
672 808 0.02177
739 979 0.02179
363 994 0.02183
17 62 0.02185
77 690 0.02185
401 624 0.02186
638 951 0.02188
181 682 0.0219
385 671 0.02191
215 765 0.02192
278 507 0.02193
29 249 0.02196
315 773 0.02198
415 892 0.02207
376 926 0.02209
27 584 0.0221
580 922 0.0221
490 546 0.02213
220 889 0.02215
527 865 0.02224
619 624 0.02226
704 819 0.02229
763 975 0.02232
614 995 0.02233
301 999 0.02242
829 841 0.02245
667 991 0.02247
363 918 0.02249
70 551 0.0225
621 996 0.0225
66 142 0.02254
312 324 0.02263
77 816 0.02268
655 741 0.0227
31 888 0.02271
831 976 0.02274
650 797 0.02281
19 424 0.02284
364 451 0.02294
6 77 0.02295
247 568 0.02295
343 876 0.02299
426 550 0.02299
377 612 0.02302
275 991 0.02303
476 708 0.02304
70 263 0.02307
687 862 0.02313
128 728 0.02314
171 188 0.02314
682 705 0.02318
152 712 0.02321
429 646 0.02321
762 825 0.02323
778 939 0.02329
587 818 0.02333
277 632 0.02336
118 802 0.02339
296 633 0.02342
594 895 0.02342
4 879 0.02345
52 312 0.02347
415 977 0.02355
294 909 0.02359
676 734 0.02359
633 709 0.02361
183 350 0.02364
212 586 0.02364
715 991 0.02364
911 960 0.02365
933 944 0.02367
836 986 0.0237
588 781 0.02374
492 686 0.02378
386 714 0.0238
210 728 0.02382
546 948 0.02385
268 761 0.024
485 747 0.024
674 897 0.02401
249 888 0.02405
643 672 0.02405
866 975 0.02406
914 988 0.0241
759 780 0.02415
205 815 0.02418
178 459 0.0242
226 567 0.0242
368 677 0.02422
420 958 0.02428
302 963 0.02431
85 594 0.02433
516 748 0.02439
7 389 0.02442
886 894 0.02442
408 985 0.02445
303 590 0.02448
355 662 0.02451
187 227 0.02454
530 794 0.02456
531 897 0.02456
395 605 0.02458
106 620 0.02459
85 339 0.02462
596 698 0.02462
899 995 0.02462
425 502 0.0247
450 711 0.0247
528 666 0.02476
158 573 0.02477
76 822 0.02478
69 932 0.02484
472 716 0.02485
112 419 0.02488
4 150 0.02492
407 852 0.02492
42 617 0.02495
93 566 0.02496
37 107 0.02497
479 998 0.02505
520 892 0.02505
131 344 0.02508
456 693 0.0251
60 336 0.02511
635 748 0.02512
448 853 0.02516
110 240 0.0252
492 924 0.02522
93 216 0.02528
217 274 0.02528
909 966 0.02532
220 663 0.02533
3 905 0.02536
646 937 0.02537
105 718 0.02538
123 680 0.02542
172 188 0.02546
79 637 0.02552
179 529 0.02555
592 880 0.02555
165 195 0.02556
560 815 0.02559
99 175 0.02563
741 868 0.02569
318 330 0.0257
549 802 0.0257
724 898 0.02573
186 743 0.02576
740 749 0.02577
750 848 0.02578
149 592 0.02581
225 351 0.02583
943 945 0.02586
52 321 0.02587
151 155 0.02589
190 457 0.02589
2 602 0.02599
21 644 0.02602
74 586 0.02605
178 388 0.02609
94 913 0.02615
14 722 0.0262
87 126 0.02621
83 166 0.02625
109 616 0.02626
792 893 0.02626
32 47 0.02629
690 846 0.02629
218 296 0.02632
313 736 0.02632
146 579 0.02636
375 737 0.02638
541 967 0.02639
218 541 0.02641
577 610 0.02641
510 548 0.02647
62 938 0.02648
272 797 0.02648
100 256 0.02651
268 602 0.02659
211 766 0.02669
109 754 0.02671
840 883 0.02672
575 837 0.02679
251 755 0.02685
58 129 0.02704
533 547 0.02704
405 874 0.02712
228 537 0.0272
41 908 0.02721
532 828 0.02721
90 326 0.02726
166 826 0.02733
450 541 0.02733
199 330 0.02734
245 962 0.02734
147 908 0.02735
83 259 0.02736
219 487 0.02739
173 198 0.02745
227 884 0.02748
114 518 0.02752
267 503 0.02756
156 937 0.02763
944 974 0.02764
73 895 0.02766
191 700 0.02768
14 942 0.02773
141 156 0.02773
79 133 0.02782
198 379 0.02785
417 622 0.02787
274 912 0.02795
245 769 0.02797
271 452 0.02797
250 637 0.02799
820 931 0.02799
377 599 0.0281
208 587 0.02814
858 977 0.02819
486 922 0.02833
613 745 0.02837
372 742 0.02849
382 603 0.02849
455 982 0.02851
883 911 0.02857
477 845 0.02859
115 771 0.02861
305 379 0.02868
637 688 0.02869
952 994 0.02873
121 767 0.02876
53 56 0.02878
89 447 0.02883
258 603 0.02889
659 787 0.02895
64 352 0.02903
453 583 0.02916
214 970 0.02917
87 668 0.02919
485 826 0.02919
403 795 0.02925
788 803 0.02928
367 519 0.02934
49 537 0.02937
809 905 0.02941
286 847 0.02946
254 961 0.02947
318 720 0.02951
526 696 0.02953
81 778 0.02962
510 818 0.02963
200 334 0.02968
50 349 0.0298
312 314 0.02981
262 861 0.02982
260 517 0.02984
756 963 0.02984
46 836 0.02993
216 471 0.02998
529 880 0.03002
341 760 0.03003
473 535 0.03008
235 992 0.03014
310 495 0.03015
9 703 0.03016
91 428 0.03028
58 615 0.03033
78 117 0.03033
304 989 0.03035
250 433 0.03044
179 769 0.03049
282 416 0.03056
281 559 0.03057
122 132 0.0306
431 912 0.03061
460 761 0.03064
421 709 0.03071
331 669 0.03077
464 735 0.03078
523 965 0.03079
331 625 0.0308
90 270 0.03088
149 731 0.03094
461 732 0.03098
600 892 0.03098
122 370 0.03107
504 923 0.03107
195 388 0.03115
616 774 0.03116
620 787 0.03132
207 528 0.03133
904 987 0.03137
414 973 0.03162
45 747 0.03165
762 939 0.03165
631 834 0.03167
354 447 0.0317
108 735 0.03173
230 412 0.03179
829 996 0.03179
163 502 0.03181
422 965 0.03182
222 841 0.03188
676 927 0.03191
257 454 0.03193
316 908 0.03204
788 970 0.03216
617 710 0.03218
684 865 0.0322
134 737 0.03221
660 955 0.03227
167 751 0.03228
393 683 0.03231
451 563 0.03233
173 827 0.03236
344 677 0.03236
429 564 0.03239
638 782 0.03244
161 204 0.03248
201 567 0.03249
88 515 0.03252
476 795 0.03253
38 554 0.03256
215 759 0.03284
13 355 0.03285
490 805 0.03285
628 869 0.03298
476 977 0.033
478 968 0.03305
359 822 0.03309
540 729 0.0331
466 772 0.03315
431 806 0.03317
206 683 0.03318
251 698 0.03325
21 616 0.03327
197 775 0.03327
71 101 0.03328
742 930 0.0333
636 917 0.03332
26 502 0.03347
477 861 0.03353
817 912 0.03353
528 867 0.03363
177 955 0.03364
442 587 0.0338
271 953 0.03384
562 905 0.03386
122 815 0.03395
140 653 0.03397
87 821 0.03399
317 680 0.03403
46 525 0.03412
428 758 0.03439
28 725 0.03442
108 438 0.03453
301 340 0.03453
167 787 0.03456
372 889 0.03462
347 501 0.03468
343 416 0.03471
571 689 0.03508
494 840 0.0351
631 796 0.03511
506 713 0.03518
523 556 0.03519
165 968 0.03521
749 898 0.03522
631 695 0.03523
790 861 0.03531
130 427 0.03541
135 669 0.03547
417 559 0.03556
773 915 0.03557
251 371 0.03567
649 660 0.03569
570 965 0.03578
72 247 0.03583
94 123 0.03587
206 555 0.03592
536 865 0.03592
604 772 0.03606
523 894 0.03622
34 924 0.03629
259 957 0.03631
540 681 0.03631
221 281 0.03636
356 473 0.03644
302 535 0.0365
685 699 0.0366
325 496 0.03662
575 601 0.03667
18 242 0.03682
658 720 0.03711
505 847 0.03712
38 44 0.03717
739 993 0.03733
327 623 0.03754
7 747 0.03769
449 577 0.03791
456 533 0.03793
461 770 0.03793
273 857 0.03803
155 164 0.03826
134 300 0.03843
335 337 0.03843
338 433 0.03844
56 481 0.03866
36 772 0.039
656 790 0.03902
474 549 0.03906
367 796 0.03915
117 170 0.0393
584 661 0.03945
72 560 0.03957
810 852 0.0398
828 955 0.03996
605 680 0.04004
328 450 0.04064
109 673 0.04088
56 804 0.04127
713 725 0.04145
872 970 0.04155
151 509 0.04171
36 305 0.04208
120 838 0.04225
194 670 0.04226
481 872 0.04333
640 673 0.04343
383 770 0.04394
343 607 0.04514
843 863 0.04521
78 111 0.04636
103 331 0.04814
86 383 0.05014
371 506 0.05132
55 880 0.05163
129 319 0.05203
82 557 0.05244
229 681 0.05371
597 652 0.05752
320 437 0.06968
