250
249
0 225 0.02383
225 49 0.03314
49 44 0.02107
44 204 0.01774
49 97 0.03121
204 202 0.04207
202 176 0.04299
176 191 0.02089
176 68 0.04396
68 58 0.04795
58 114 0.01947
114 222 0.0206
191 160 0.0541
160 93 0.0436
93 231 0.03594
231 168 0.00268
168 187 0.0408
187 52 0.03447
52 226 0.02384
52 208 0.03135
208 151 0.00391
187 32 0.04594
222 163 0.05489
163 211 0.01708
211 209 0.01269
209 24 0.02802
24 149 0.02915
211 15 0.04
149 39 0.05382
225 80 0.05577
39 66 0.0559
66 206 0.05154
97 59 0.06442
59 50 0.04226
50 185 0.05942
185 248 0.02896
248 144 0.01527
248 104 0.0664
104 201 0.02597
201 232 0.03557
232 48 0.02109
232 83 0.06812
83 45 0.02906
83 217 0.03695
217 67 0.04501
58 23 0.07072
23 9 0.03526
9 195 0.04585
23 33 0.06032
48 216 0.07531
226 102 0.07775
102 77 0.02737
102 5 0.03834
5 26 0.03351
77 138 0.07171
138 240 0.02076
240 27 0.06581
27 21 0.01873
21 71 0.03782
71 188 0.03894
188 65 0.03552
21 233 0.04409
233 62 0.03192
65 184 0.0479
184 57 0.03368
57 197 0.02583
184 148 0.03398
148 157 0.01712
157 7 0.00516
7 125 0.02442
148 230 0.04043
157 181 0.05473
181 42 0.06506
42 135 0.05008
42 108 0.06664
108 196 0.03132
196 101 0.03115
101 139 0.03983
139 122 0.01217
122 205 0.00647
205 156 0.05088
156 219 0.00745
156 214 0.03435
214 110 0.0292
219 210 0.03728
210 207 0.03158
207 43 0.02708
207 221 0.02902
207 212 0.05667
212 30 0.03314
30 244 0.01475
244 8 0.02711
8 152 0.00702
152 11 0.0414
11 82 0.03687
82 85 0.04344
30 179 0.0657
179 70 0.06528
70 79 0.01576
11 246 0.06678
246 175 0.03569
135 141 0.06693
141 86 0.0564
86 18 0.02813
86 2 0.0598
2 51 0.05083
70 19 0.06872
19 174 0.01925
174 84 0.0277
174 103 0.03708
103 192 0.04287
103 243 0.05731
19 100 0.06397
100 13 0.0256
13 133 0.06257
133 14 0.06649
133 166 0.06778
166 129 0.03392
129 6 0.05363
6 16 0.04529
16 117 0.05134
6 236 0.05556
236 178 0.02867
236 98 0.04433
197 118 0.06902
118 124 0.063
124 155 0.01487
155 213 0.01559
155 180 0.03246
180 165 0.01756
213 142 0.03433
124 172 0.04713
213 171 0.06758
171 235 0.03106
235 132 0.05508
171 238 0.05664
238 154 0.02365
154 245 0.04011
235 92 0.0604
16 147 0.07171
147 99 0.03171
147 140 0.04712
140 54 0.02922
99 162 0.06455
175 10 0.07429
10 123 0.00886
8 143 0.07437
143 131 0.05854
131 193 0.01012
193 106 0.02119
106 105 0.01034
141 94 0.0807
94 35 0.06254
35 12 0.06079
12 198 0.05807
198 28 0.00775
28 242 0.02503
198 113 0.05009
113 223 0.04665
223 170 0.03653
170 121 0.03464
121 182 0.03939
182 41 0.03878
223 158 0.05291
41 36 0.05329
36 88 0.01841
158 249 0.05734
249 203 0.04148
203 72 0.0347
72 189 0.03706
189 177 0.03512
177 186 0.03537
186 169 0.05624
203 200 0.05651
189 150 0.06046
150 220 0.04158
220 40 0.0315
40 164 0.03395
40 190 0.03649
164 116 0.0406
116 20 0.02095
116 75 0.02706
75 89 0.03394
89 194 0.0511
194 130 0.05825
130 87 0.03684
87 61 0.05163
186 161 0.06124
72 1 0.06506
190 247 0.0668
61 111 0.06739
111 25 0.05309
25 60 0.03405
60 199 0.04868
199 96 0.01569
199 63 0.01821
63 237 0.04962
169 46 0.06854
1 107 0.07484
107 69 0.0564
69 173 0.05282
173 90 0.06973
170 17 0.07756
17 81 0.05763
81 134 0.04508
134 227 0.03986
227 146 0.0456
146 91 0.02723
91 137 0.01061
137 64 0.03977
91 218 0.04088
218 29 0.02524
218 47 0.02914
29 224 0.03477
134 119 0.04953
137 109 0.05083
119 145 0.05361
109 215 0.06179
215 183 0.03017
215 74 0.04643
215 38 0.0529
38 126 0.00845
17 229 0.06676
145 53 0.06902
53 120 0.02782
120 56 0.05027
56 22 0.01508
22 34 0.03658
34 73 0.01812
224 167 0.07521
87 234 0.08302
234 136 0.03185
136 159 0.0231
159 112 0.04347
112 55 0.0459
55 4 0.06425
4 78 0.02559
78 239 0.02065
239 128 0.01726
67 3 0.09725
3 153 0.04799
153 37 0.03846
37 115 0.01398
37 76 0.02674
153 241 0.04247
241 228 0.01473
76 95 0.0737
241 31 0.07871
89 127 0.10682
